39236
54266
60908
4125
25659
43861
21356
53055
55650
43095
55636
44810
37918
50620
45871
19714
60818
23903
2286
47953
62122
62136
19249
18314
8914
56010
5990
35680
10747
27575
56306
38789
60051
11023
61095
20538
28719
47444
3119
49838
22238
40820
44211
12335
63279
20509
25744
19148
12465
36714
48712
3183
1400
30529
59515
14373
48773
43685
63175
58162
62345
13794
49707
60222
22070
37291
5182
30323
25294
17333
21381
7167
17108
27834
28037
7556
1052
550
62
52921
23561
34126
32724
28162
11555
21298
12627
61846
59922
31395
45120
46810
19806
48036
25837
18268
5770
34294
56580
7804
3189
40565
39204
16049
14203
26477
18823
37728
32015
34665
836
22321
46966
221
1917
42102
22662
27445
53386
49155
15003
22488
16035
50490
43265
31691
41070
60871
58856
46278
39902
30570
41189
44947
33790
13
23342
55524
49104
21164
40869
25254
37085
61603
4460
53618
48165
59542
36176
35169
33247
45420
11936
49772
36387
4582
51068
50141
29288
36766
60705
8088
3150
18416
54114
16928
31982
28035
58400
11968
60451
19309
59978
53533
59484
42533
16373
23141
23599
32845
16028
39113
39730
47244
5180
53317
11807
5168
35122
3048
48772
10843
30451
9083
45948
15264
1988
19030
54878
27663
287
11802
16174
36926
38544
48864
6171
60190
42660
14971
46345
57447
63627
4623
29348
59576
37978
37052
45035
36639
45755
41816
36804
7669
59526
57608
36413
63793
6296
39586
4343
45209
42822
42934
9180
13013
18571
19494
28000
32222
16789
37979
59317
55125
57564
6389
8651
19142
25333
12623
12954
37498
9918
11970
22252
64512
32488
34128
35875
33215
12859
35263
48451
37211
50364
11578
4509
35209
29483
25498
8519
17222
46436
30717
47702
16621
35979
51950
9684
51945
37967
25426
39883
9413
5323
30396
42479
36819
20866
62414
22403
22794
17132
2497
31325
12350
22637
18262
35758
24012
61845
57777
49841
39785
58409
60702
30391
49966
43623
16052
23730
49049
5930
33444
64877
5700
40243
1966
59475
40870
6552
20828
60033
63167
32751
45097
37274
32317
61121
44288
36197
33716
21887
52473
56616
44846
34670
7857
54740
5119
684
46295
57157
35183
54277
64860
43150
31998
27108
8865
39074
59062
16061
61476
28951
179
32673
12026
44849
38859
859
64417
58235
23163
27270
8044
23758
14066
20272
10064
30825
18421
19359
31054
14471
52237
61779
31873
27940
22975
48197
32532
29390
51303
43089
7311
63521
52776
26773
48838
14311
64049
51150
28743
62037
46590
28302
41153
12098
14887
1490
65202
27768
43537
21288
62988
31153
49148
48312
19892
34518
58904
28682
24013
9121
15461
54266
19258
26986
46096
46509
63939
48055
4591
53082
8663
26957
45380
32533
20930
41359
18427
14618
2071
16338
40069
64874
30351
43883
7567
47422
36332
46791
2915
29459
27819
62752
29640
45341
10216
21679
39503
3891
42974
1407
41507
8102
15425
25344
59898
48019
59545
64274
43256
59435
49601
8102
630
39005
7286
7155
8390
21143
38175
2653
33478
12870
64376
63483
46898
49499
1396
1456
23032
47351
64459
18342
34024
9850
48306
29332
42236
40144
56867
54632
2468
46719
5471
34053
45754
1131
34063
2630
9773
46414
8954
53009
7727
31590
444
10740
65015
65029
11967
26420
25751
5474
49429
58826
17590
5237
11969
7685
23506
322
35910
45395
7718
9187
51588
61042
29599
12807
40938
11852
24771
19465
52368
13107
47712
21486
30091
6475
48697
670
39081
13082
13421
48535
64311
23400
3784
7375
60073
17770
13106
28257
56637
18600
48869
18794
37910
9831
65450
29770
13931
40449
10455
25020
11019
5047
23016
17646
29534
34084
30222
64591
29950
61275
1459
44682
30117
49029
32379
6667
21619
63302
55941
1800
3054
7481
65070
39792
19908
38624
37723
10375
42080
36766
25581
26856
19299
30463
59688
39904
46813
31478
28064
56929
9831
14362
22751
2840
50407
25947
49587
6068
39983
12749
21607
46794
62780
50363
46801
12430
50801
10729
33773
13038
16779
30919
34207
26580
57099
13476
11095
8326
58553
28914
12880
23484
5474
54955
48610
62244
14497
6655
38457
16667
32545
4399
10282
4686
31320
29109
5064
3479
47789
14115
24345
53277
64572
2736
43392
2501
44453
19008
20610
49090
9591
56686
19160
9564
58926
9631
26734
61362
16049
32527
40991
46345
35317
60132
31831
27815
29713
14694
37076
63120
27173
65103
5080
15296
42206
35657
17915
54586
51124
23866
46222
43889
37190
52046
42090
60877
36799
16845
3379
29693
46901
602
39205
48768
23536
54771
39471
41393
46890
38578
62501
17577
20243
11996
42020
44074
27273
2922
63545
1829
64076
59789
18235
28485
60625
60271
14554
45478
54193
34906
34855
62356
47524
62090
55574
62066
27429
8254
23088
5483
43433
43530
49398
16701
30384
64618
57277
8940
2202
63993
59649
37669
968
40340
7461
31390
14095
41744
28085
50431
38715
57800
52162
3442
19170
12494
46891
45690
51619
12491
63893
26701
59691
46679
41779
34245
64170
16476
42982
37490
9531
37913
19097
51394
2426
25299
43461
40803
34837
38720
44140
9714
40220
23034
39238
19481
33865
65411
17521
38040
27561
22287
55512
24741
33332
23268
21529
57556
7057
10330
15405
55452
24831
45647
28587
7587
52827
37827
8824
1505
49387
13632
45938
37901
8338
34114
33275
64175
43973
28129
57126
12268
28375
1848
41781
35058
14467
2631
30680
16405
31821
61923
4136
3672
38765
29358
64290
40141
10944
56983
35450
5534
35931
47092
8286
60626
53578
12908
45429
36625
48351
57507
7965
52844
57955
885
24364
828
24673
15947
62520
7999
65165
13008
43577
44093
53397
16387
43283
31447
17673
21774
59372
54074
12485
10828
45838
19758
45138
59842
214
10484
58066
14257
39715
33698
36935
62018
59392
4462
51448
59613
16437
64532
49211
12002
2896
1058
25506
46587
12441
20266
2904
10549
8663
13123
45805
59049
51656
30707
19981
47390
54029
42490
25501
4298
1883
10338
18294
57778
20542
53937
14239
41458
11432
20310
47597
47690
8110
36797
51820
57938
48825
29239
28220
38710
1835
57874
51669
4944
38495
342
59681
52460
14874
51921
31764
42798
11428
48009
9994
14264
44346
46533
62514
4723
42469
35526
32342
10550
47267
37943
42503
25335
35396
180
56426
31776
65219
166
9093
39881
35919
48995
61035
22076
58706
327
44276
53320
14586
